polyhedron(
  points = [
    [52.418825, 59.09142, 44.821444],
    [73.598126, 45.142706, 49.447863],
    [65.29756, 55.457557, 62.725656],
    [60.506064, 52.401967, 31.370263],
    [71.280124, 49.247375, 56.359664],
    [64.140933, 51.763288, 41.27103],
  ],
  faces = [
    [0, 1, 2],
    [3, 1, 0],
    [0, 2, 3],
    [4, 2, 1],
    [5, 3, 2],
    [2, 4, 5],
    [1, 3, 5],
    [5, 4, 1],
  ]
);

polyhedron(
  points = [
    [34.553074, 47.819023, 35.550721],
    [39.344569, 50.874613, 66.906114],
    [26.252508, 58.133874, 48.828513],
    [34.339747, 51.44442, 35.377332],
    [37.974616, 50.805741, 45.278099],
    [29.887376, 57.495195, 58.72928],
  ],
  faces = [
    [0, 1, 2],
    [3, 0, 2],
    [4, 3, 2],
    [1, 0, 4],
    [0, 3, 4],
    [2, 1, 5],
    [5, 4, 2],
    [1, 4, 5],
  ]
);

polyhedron(
  points = [
    [56.505274, 48.523993, 44.595358],
    [40.000574, 45.058502, 36.871515],
    [35.334876, 54.734674, 60.050074],
    [44.792069, 48.114092, 68.226907],
    [50.026242, 48.978967, 69.374312],
    [65.962467, 41.903412, 52.772192],
    [63.644465, 46.00808, 59.683992],
    [54.69194, 39.302795, 46.195753],
  ],
  faces = [
    [0, 1, 2],
    [2, 1, 3],
    [3, 4, 2],
    [5, 4, 3],
    [6, 4, 5],
    [5, 0, 6],
    [2, 4, 6],
    [6, 0, 2],
    [5, 3, 7],
    [7, 3, 1],
    [7, 0, 5],
    [1, 0, 7],
  ]
);

polyhedron(
  points = [
    [38.800602, 62.062307, 54.511764],
    [38.809504, 54.324273, 74.592899],
    [25.717443, 61.583534, 56.515299],
    [29.352312, 60.944855, 66.416066],
    [51.679337, 58.428443, 72.415976],
    [44.043678, 55.189148, 75.740304],
  ],
  faces = [
    [0, 1, 2],
    [2, 1, 3],
    [3, 0, 2],
    [4, 0, 3],
    [4, 3, 5],
    [5, 3, 1],
    [5, 0, 4],
    [1, 0, 5],
  ]
);

polyhedron(
  points = [
    [68.067143, 41.424139, 45.687003],
    [56.796615, 38.823523, 39.110564],
    [54.975081, 48.6834, 27.609402],
    [45.526791, 47.565948, 39.513704],
    [41.891923, 48.204626, 29.612937],
    [42.105249, 44.57923, 29.786326],
    [58.60995, 48.044721, 37.510169],
  ],
  faces = [
    [0, 1, 2],
    [3, 1, 0],
    [3, 2, 4],
    [4, 2, 5],
    [5, 2, 1],
    [5, 3, 4],
    [1, 3, 5],
    [0, 2, 6],
    [6, 3, 0],
    [2, 3, 6],
  ]
);



polyhedron(
  points = [
    [28.065139, 56.01203, 40.24854],
    [51.057071, 39.941473, 36.294986],
    [41.148297, 56.490804, 38.245005],
    [49.235537, 49.80135, 24.793824],
    [36.365705, 45.69718, 26.970748],
    [36.152379, 49.322577, 26.797359],
  ],
  faces = [
    [0, 1, 2],
    [3, 2, 1],
    [4, 1, 0],
    [4, 3, 1],
    [5, 4, 0],
    [3, 4, 5],
    [0, 2, 5],
    [2, 3, 5],
  ]
);

polyhedron(
  points = [
    [57.448575, 55.843659, 65.876595],
    [52.657079, 52.788069, 34.521202],
    [44.56984, 59.477522, 47.972383],
    [39.573921, 52.309295, 36.524737],
    [63.431139, 49.633477, 59.510603],
    [49.812916, 52.604364, 69.200923],
    [35.12155, 58.36007, 59.876685],
    [31.486681, 58.998749, 49.975918],
    [56.291948, 52.14939, 44.421969],
    [43.20879, 51.670617, 46.425504],
  ],
  faces = [
    [7, 2, 1],
    [0, 1, 2],
    [7, 1, 3],
    [3, 1, 4],
    [4, 0, 5],
    [6, 2, 7],
    [6, 0, 2],
    [6, 5, 0],
    [7, 3, 6],
    [4, 1, 8],
    [8, 0, 4],
    [1, 0, 8],
    [9, 3, 4],
    [4, 5, 9],
    [9, 6, 3],
    [5, 6, 9],
  ]
);

polyhedron(
  points = [
    [63.935806, 36.30761, 54.199198],
    [75.206333, 38.908226, 60.775637],
    [54.035935, 45.118906, 76.230352],
    [66.905767, 49.223077, 74.053429],
    [59.270108, 45.983782, 77.377757],
    [72.888331, 43.012895, 67.687437],
  ],
  faces = [
    [0, 1, 2],
    [2, 3, 0],
    [0, 3, 1],
    [2, 1, 4],
    [4, 3, 2],
    [1, 3, 5],
    [5, 4, 1],
    [3, 4, 5],
  ]
);

polyhedron(
  points = [
    [51.679337, 58.428443, 72.415976],
    [66.905767, 49.223077, 74.053429],
    [65.29756, 55.457557, 62.725656],
    [57.448575, 55.843659, 65.876595],
  ],
  faces = [
    [0, 1, 2],
    [3, 1, 0],
    [0, 2, 3],
    [3, 2, 1],
  ]
);

polyhedron(
  points = [
    [38.800602, 62.062307, 54.511764],
    [52.418825, 59.09142, 44.821444],
    [41.148297, 56.490804, 38.245005],
    [44.56984, 59.477522, 47.972383],
  ],
  faces = [
    [0, 1, 2],
    [3, 1, 0],
    [0, 2, 3],
    [3, 2, 1],
  ]
);




polyhedron(
  points = [
    [25.717443, 61.583534, 56.515299],
    [31.486681, 58.998749, 49.975918],
    [28.065139, 56.01203, 40.24854],
    [26.252508, 58.133874, 48.828513],
  ],
  faces = [
    [0, 1, 2],
    [3, 1, 0],
    [0, 2, 3],
    [3, 2, 1],
  ]
);

polyhedron(
  points = [
    [49.235537, 49.80135, 24.793824],
    [60.506064, 52.401967, 31.370263],
    [54.975081, 48.6834, 27.609402],
    [52.657079, 52.788069, 34.521202],
  ],
  faces = [
    [0, 1, 2],
    [3, 1, 0],
    [0, 2, 3],
    [3, 2, 1],
  ]
);

polyhedron(
  points = [
    [34.339747, 51.44442, 35.377332],
    [41.891923, 48.204626, 29.612937],
    [39.573921, 52.309295, 36.524737],
    [36.152379, 49.322577, 26.797359],
  ],
  faces = [
    [0, 1, 2],
    [3, 1, 0],
    [0, 2, 3],
    [3, 2, 1],
  ]
);

polyhedron(
  points = [
    [51.057071, 39.941473, 36.294986],
    [63.935806, 36.30761, 54.199198],
    [54.69194, 39.302795, 46.195753],
    [56.796615, 38.823523, 39.110564],
  ],
  faces = [
    [0, 1, 2],
    [3, 1, 0],
    [0, 2, 3],
    [3, 2, 1],
  ]
);

polyhedron(
  points = [
    [34.553074, 47.819023, 35.550721],
    [42.105249, 44.57923, 29.786326],
    [36.365705, 45.69718, 26.970748],
    [40.000574, 45.058502, 36.871515],
  ],
  faces = [
    [0, 1, 2],
    [3, 1, 0],
    [0, 2, 3],
    [3, 2, 1],
  ]
);


polyhedron(
  points = [
    [43.20879, 51.670617, 46.425504],
    [45.526791, 47.565948, 39.513704],
    [37.974616, 50.805741, 45.278099],
    [43.422116, 48.04522, 46.598893],
  ],
  faces = [
    [0, 1, 2],
    [2, 1, 3],
    [3, 0, 2],
    [1, 0, 3],
  ]
);

polyhedron(
  points = [
    [44.043678, 55.189148, 75.740304],
    [59.270108, 45.983782, 77.377757],
    [49.812916, 52.604364, 69.200923],
    [50.026242, 48.978967, 69.374312],
  ],
  faces = [
    [0, 1, 2],
    [3, 1, 0],
    [0, 2, 3],
    [3, 2, 1],
  ]
);

polyhedron(
  points = [
    [39.344569, 50.874613, 66.906114],
    [54.035935, 45.118906, 76.230352],
    [38.809504, 54.324273, 74.592899],
    [44.792069, 48.114092, 68.226907],
  ],
  faces = [
    [0, 1, 2],
    [2, 1, 3],
    [3, 0, 2],
    [1, 0, 3],
  ]
);

polyhedron(
  points = [
    [29.887376, 57.495195, 58.72928],
    [35.334876, 54.734674, 60.050074],
    [29.352312, 60.944855, 66.416066],
    [35.12155, 58.36007, 59.876685],
  ],
  faces = [
    [0, 1, 2],
    [2, 1, 3],
    [3, 0, 2],
    [1, 0, 3],
  ]
);

polyhedron(
  points = [
    [63.431139, 49.633477, 59.510603],
    [72.888331, 43.012895, 67.687437],
    [71.280124, 49.247375, 56.359664],
    [63.644465, 46.00808, 59.683992],
  ],
  faces = [
    [0, 1, 2],
    [3, 1, 0],
    [0, 2, 3],
    [3, 2, 1],
  ]
);


polyhedron(
  points = [
    [65.962467, 41.903412, 52.772192],
    [75.206333, 38.908226, 60.775637],
    [73.598126, 45.142706, 49.447863],
    [68.067143, 41.424139, 45.687003],
  ],
  faces = [
    [0, 1, 2],
    [3, 1, 0],
    [0, 2, 3],
    [3, 2, 1],
  ]
);

polyhedron(
  points = [
    [56.291948, 52.14939, 44.421969],
    [64.140933, 51.763288, 41.27103],
    [58.60995, 48.044721, 37.510169],
    [56.505274, 48.523993, 44.595358],
  ],
  faces = [
    [0, 1, 2],
    [3, 1, 0],
    [0, 2, 3],
    [3, 2, 1],
  ]
);



points = [
  [52.418825, 59.091420, 44.821444],
  [73.598126, 45.142706, 49.447863],
  [65.297560, 55.457557, 62.725656],
  [60.506064, 52.401967, 31.370263],
  [71.280124, 49.247375, 56.359664],
  [64.140933, 51.763288, 41.271030],
  [34.553074, 47.819023, 35.550721],
  [39.344569, 50.874613, 66.906114],
  [26.252508, 58.133874, 48.828513],
  [34.339747, 51.444420, 35.377332],
  [37.974616, 50.805741, 45.278099],
  [29.887376, 57.495195, 58.729280],
  [56.505274, 48.523993, 44.595358],
  [40.000574, 45.058502, 36.871515],
  [35.334876, 54.734674, 60.050074],
  [44.792069, 48.114092, 68.226907],
  [50.026242, 48.978967, 69.374312],
  [65.962467, 41.903412, 52.772192],
  [63.644465, 46.008080, 59.683992],
  [54.691940, 39.302795, 46.195753],
  [38.800602, 62.062307, 54.511764],
  [38.809504, 54.324273, 74.592899],
  [25.717443, 61.583534, 56.515299],
  [29.352312, 60.944855, 66.416066],
  [51.679337, 58.428443, 72.415976],
  [44.043678, 55.189148, 75.740304],
  [68.067143, 41.424139, 45.687003],
  [56.796615, 38.823523, 39.110564],
  [54.975081, 48.683400, 27.609402],
  [45.526791, 47.565948, 39.513704],
  [41.891923, 48.204626, 29.612937],
  [42.105249, 44.579230, 29.786326],
  [58.609950, 48.044721, 37.510169],
  [28.065139, 56.012030, 40.248540],
  [51.057071, 39.941473, 36.294986],
  [41.148297, 56.490804, 38.245005],
  [49.235537, 49.801350, 24.793824],
  [36.365705, 45.697180, 26.970748],
  [36.152379, 49.322577, 26.797359],
  [57.448575, 55.843659, 65.876595],
  [52.657079, 52.788069, 34.521202],
  [44.569840, 59.477522, 47.972383],
  [39.573921, 52.309295, 36.524737],
  [63.431139, 49.633477, 59.510603],
  [49.812916, 52.604364, 69.200923],
  [35.121550, 58.360070, 59.876685],
  [31.486681, 58.998749, 49.975918],
  [56.291948, 52.149390, 44.421969],
  [43.208790, 51.670617, 46.425504],
  [63.935806, 36.307610, 54.199198],
  [75.206333, 38.908226, 60.775637],
  [54.035935, 45.118906, 76.230352],
  [66.905767, 49.223077, 74.053429],
  [59.270108, 45.983782, 77.377757],
  [72.888331, 43.012895, 67.687437],
  [51.679337, 58.428443, 72.415976],
  [66.905767, 49.223077, 74.053429],
  [65.297560, 55.457557, 62.725656],
  [57.448575, 55.843659, 65.876595],
  [38.800602, 62.062307, 54.511764],
  [52.418825, 59.091420, 44.821444],
  [41.148297, 56.490804, 38.245005],
  [44.569840, 59.477522, 47.972383],
  [25.717443, 61.583534, 56.515299],
  [31.486681, 58.998749, 49.975918],
  [28.065139, 56.012030, 40.248540],
  [26.252508, 58.133874, 48.828513],
  [49.235537, 49.801350, 24.793824],
  [60.506064, 52.401967, 31.370263],
  [54.975081, 48.683400, 27.609402],
  [52.657079, 52.788069, 34.521202],
  [34.339747, 51.444420, 35.377332],
  [41.891923, 48.204626, 29.612937],
  [39.573921, 52.309295, 36.524737],
  [36.152379, 49.322577, 26.797359],
  [51.057071, 39.941473, 36.294986],
  [63.935806, 36.307610, 54.199198],
  [54.691940, 39.302795, 46.195753],
  [56.796615, 38.823523, 39.110564],
  [34.553074, 47.819023, 35.550721],
  [42.105249, 44.579230, 29.786326],
  [36.365705, 45.697180, 26.970748],
  [40.000574, 45.058502, 36.871515],
  [43.208790, 51.670617, 46.425504],
  [45.526791, 47.565948, 39.513704],
  [37.974616, 50.805741, 45.278099],
  [43.422116, 48.045220, 46.598893],
  [44.043678, 55.189148, 75.740304],
  [59.270108, 45.983782, 77.377757],
  [49.812916, 52.604364, 69.200923],
  [50.026242, 48.978967, 69.374312],
  [39.344569, 50.874613, 66.906114],
  [54.035935, 45.118906, 76.230352],
  [38.809504, 54.324273, 74.592899],
  [44.792069, 48.114092, 68.226907],
  [29.887376, 57.495195, 58.729280],
  [35.334876, 54.734674, 60.050074],
  [29.352312, 60.944855, 66.416066],
  [35.121550, 58.360070, 59.876685],
  [63.431139, 49.633477, 59.510603],
  [72.888331, 43.012895, 67.687437],
  [71.280124, 49.247375, 56.359664],
  [63.644465, 46.008080, 59.683992],
  [65.962467, 41.903412, 52.772192],
  [75.206333, 38.908226, 60.775637],
  [73.598126, 45.142706, 49.447863],
  [68.067143, 41.424139, 45.687003],
  [56.291948, 52.149390, 44.421969],
  [64.140933, 51.763288, 41.271030],
  [58.609950, 48.044721, 37.510169],
  [56.505274, 48.523993, 44.595358],
];

for (p = points)
    translate(p) sphere(r = 0.5);