# Structure type: RED
# Structure index: 0
// Auto-generated point list

points = [
  [77.685446, 26.993728, 56.802103],
  [85.029086, 47.265965, 32.616800],
  [67.402656, 15.099266, 37.258177],
  [88.181094, 36.660810, 54.681213],
  [86.929522, 45.136469, 46.891018],
  [81.888480, 29.321778, 32.110355],
  [73.760312, 19.356760, 45.271849],
  [70.592121, 22.982244, 22.031788],
  [74.996346, 30.539633, 19.660588],
  [85.894643, 35.394549, 39.991981],
  [84.327226, 42.090200, 30.022123],
];
