# Structure type: RED
# Structure index: 14
// Auto-generated point list

points = [
  [61.250633, 38.260131, 61.328339],
  [68.940020, 48.718219, 38.149316],
  [70.325263, 28.837463, 52.653871],
  [84.746045, 46.141513, 62.063235],
  [78.453431, 38.802481, 39.492376],
  [74.250397, 36.474431, 64.184125],
  [65.253871, 45.360289, 49.826635],
  [72.946184, 54.790990, 46.030941],
  [69.260034, 51.433060, 57.708260],
  [75.671415, 55.564181, 70.737703],
  [65.175767, 45.897099, 72.858593],
  [82.459594, 44.875252, 47.374002],
];
