# Structure type: RED
# Structure index: 19
// Auto-generated point list

points = [
  [43.907962, 43.035860, 45.041647],
  [36.319545, 59.375130, 61.549426],
  [36.339019, 45.011294, 67.707313],
  [26.975862, 48.213974, 50.979220],
  [30.979100, 55.314132, 39.477516],
  [30.719279, 36.257768, 46.346813],
  [31.877526, 52.768041, 63.033601],
  [37.399004, 53.805385, 48.886275],
  [37.139182, 34.749020, 55.755572],
  [43.189886, 38.836401, 35.735528],
  [43.628666, 38.343332, 45.753057],
  [34.722517, 43.357926, 34.845109],
];
