# Structure type: RED
# Structure index: 11
// Auto-generated point list

points = [
  [74.861316, 35.731669, 32.266483],
  [60.375491, 21.509157, 37.414305],
  [63.564957, 29.392135, 22.187916],
  [50.270725, 36.927803, 30.902129],
  [51.300861, 30.931825, 46.088773],
  [66.733148, 25.766651, 45.427977],
  [57.658518, 35.189319, 54.102445],
  [50.988801, 41.127263, 40.208247],
  [61.661756, 42.289477, 42.600741],
  [65.347905, 45.647407, 30.923422],
  [54.051546, 39.307873, 20.844855],
  [50.709506, 36.434734, 40.919657],
  [67.969182, 36.949524, 19.816716],
  [58.455771, 46.865262, 18.473655],
];
