# Structure type: RED
# Structure index: 15
// Auto-generated point list

points = [
  [48.867680, 59.939135, 15.625975],
  [43.097931, 47.335245, 18.455248],
  [38.761628, 58.089952, 17.894535],
  [54.894257, 70.592696, 20.700562],
  [39.317110, 44.955175, 28.512521],
  [35.573694, 56.911381, 33.144928],
  [41.993597, 55.402634, 42.553687],
  [35.552689, 64.570808, 26.963037],
  [48.502555, 44.633110, 38.709059],
  [63.181673, 51.868094, 48.983178],
  [47.784479, 40.433650, 29.402940],
  [57.468609, 68.100501, 36.519271],
  [63.634785, 67.395377, 18.890074],
  [54.192397, 65.416931, 18.105885],
  [55.969525, 50.371109, 16.974467],
  [59.175510, 45.795324, 41.101553],
  [53.080600, 59.566806, 45.601913],
  [66.867822, 55.226024, 37.305860],
  [65.616251, 63.701684, 29.515664],
  [51.565300, 42.813720, 19.345667],
  [46.360601, 71.595756, 27.289154],
  [62.861659, 49.153254, 29.424234],
];
