# Structure type: RED
# Structure index: 1
// Auto-generated point list

points = [
  [80.506162, 48.175147, 36.989130],
  [74.252124, 72.827161, 26.611098],
  [70.992752, 58.090885, 35.646069],
  [76.499999, 42.102376, 29.107504],
  [69.607865, 43.320231, 16.657737],
  [78.938745, 54.870798, 27.019272],
  [67.759715, 70.260237, 17.230284],
  [52.992610, 62.803995, 13.966185],
  [58.317326, 68.281791, 16.446094],
  [66.986589, 52.018114, 27.764444],
  [60.094455, 53.235969, 15.314676],
  [69.741180, 66.566544, 27.855874],
  [57.503554, 69.064612, 12.721409],
];
