# Structure type: RED
# Structure index: 6
// Auto-generated point list

points = [
  [25.302417, 73.924970, 23.233149],
  [39.003423, 72.689053, 12.311101],
  [28.511356, 67.444114, 14.164647],
  [44.643985, 79.946857, 16.970674],
  [44.252082, 66.001313, 15.776672],
  [30.937090, 70.632987, 27.113734],
  [34.146029, 64.152130, 18.045232],
  [41.745002, 77.657934, 27.439851],
  [50.278658, 76.654874, 20.851259],
  [48.763026, 72.261930, 14.531896],
  [49.576798, 71.479109, 18.256582],
];
