# Structure type: RED
# Structure index: 8
// Auto-generated point list

points = [
  [50.210368, 82.594780, 65.786428],
  [56.116616, 85.065659, 54.058164],
  [25.895303, 75.126469, 28.426268],
  [27.547744, 57.074900, 49.990448],
  [32.449407, 61.628967, 62.044829],
  [42.337889, 78.859433, 32.632971],
  [53.445897, 75.364178, 41.863087],
  [31.550982, 64.175058, 38.488744],
  [49.057888, 66.830483, 50.945729],
  [31.529977, 71.834485, 32.306853],
  [47.978429, 72.400228, 63.608880],
  [37.970885, 62.666311, 47.897503],
];
