# Structure type: RED
# Structure index: 3
// Auto-generated point list

points = [
  [69.674082, 54.435018, 58.363992],
  [68.927643, 64.570919, 75.331504],
  [58.493550, 67.703475, 67.645878],
  [63.961018, 70.667424, 45.900085],
  [60.725490, 77.898026, 69.823426],
  [66.631738, 80.368906, 58.095162],
  [71.159582, 74.765471, 77.509052],
  [76.085463, 58.566139, 71.393435],
  [85.160093, 49.143471, 62.718967],
  [82.873642, 47.877210, 48.029734],
  [76.619604, 72.529224, 37.651702],
  [59.573009, 62.133730, 54.982727],
  [81.306225, 54.572862, 38.059876],
  [72.108660, 66.268607, 38.896478],
  [82.008085, 59.748626, 40.654553],
  [83.908521, 57.619131, 54.928772],
  [77.065830, 77.236350, 65.780788],
];
