# Structure type: RED
# Structure index: 9
// Auto-generated point list

points = [
  [70.031834, 55.506146, 72.030149],
  [53.519380, 59.073736, 55.619441],
  [62.874014, 61.510926, 75.968218],
  [41.372393, 46.115474, 71.392253],
  [52.378366, 51.843844, 78.089108],
  [41.352919, 60.479309, 65.234366],
  [59.536186, 45.839064, 74.151039],
  [52.439921, 64.643482, 68.282592],
  [55.611052, 38.202096, 62.620785],
  [59.614290, 45.302254, 51.119081],
  [49.253395, 33.944602, 54.607113],
  [63.620454, 51.375025, 59.000707],
  [48.662040, 39.447511, 49.437997],
  [48.941336, 44.140040, 48.726587],
  [42.432377, 54.909564, 52.571215],
  [42.172556, 35.853200, 59.440512],
];
