-1.45005026 2.49767259 0 -2.21605723 1.85484048 0 -2.56635174 1.05513454 0 -0.80721826 1.73166549 0
-0.80613285 1.73284063 0 -0.40306385 1.88855355 0 -0.60215111 2.70538357 0 -1.4501223 2.497875 0
0.24744876 2.91473903 0 -0.60024136 2.70608655 0 -0.44822348 2.0860127 0 0.89246921 2.15057428 0
0.89445762 2.15325176 0 1.20578116 2.16594322 0 1.05314991 2.56825834 0 0.25508928 2.922152 0
1.8546984 2.2190406 0 1.05478471 2.56872784 0 1.73258246 0.81010927 0 2.49810538 1.45351669 0
-2.92194103 0.25615717 0 -2.15177197 0.89399536 0 -2.162151 1.20604644 0 -2.56645366 1.05356835 0
-0.4025698 1.8863999 0 -2.16021845 1.20602094 0 -2.10378329 -0.13875801 0 -0.25096871 1.26622391 0
-0.24908038 1.26697889 0 0.22011267 1.62270688 0 -0.13742121 2.09844268 0 -0.4486549 2.08368997 0
1.20517883 2.16411938 0 -0.13550228 2.0993045 0 1.25457929 0.25327953 0 1.88701746 0.40706349 0
1.88975935 0.40576743 0 2.70722284 0.6033771 0 2.49954194 1.45126078 0 1.73463083 0.80712533 0
-2.14953228 0.89335265 0 -2.91390687 0.24858077 0 -2.70551706 -0.59913211 0 -2.09263027 -0.45140455 0
-2.09009455 -0.45256159 0 -1.27207078 -0.25655069 0 -1.63335677 0.21469907 0 -2.10287536 -0.14059943 0
0.2212335 1.62065361 0 -1.63135507 0.21537312 0 -0.22044575 -1.62057125 0 1.6100209 -0.22634428 0
1.6114708 -0.22491137 0 2.08935085 0.13799483 0 2.07212635 0.4482139 0 1.25450657 0.25125197 0
2.70702376 0.60123085 0 2.07471508 0.44691541 0 2.15305797 -0.89200456 0 2.91655857 -0.2461976 0
-2.49848078 -1.44972812 0 -1.73317697 -0.80605899 0 -1.88760407 -0.40578492 0 -2.70564719 -0.60171428 0
-1.27204732 -0.25891885 0 -1.88503788 -0.40621519 0 -1.20534688 -2.16409643 0 0.13791334 -2.09559243 0
0.13874536 -2.09543283 0 0.44962949 -2.08194896 0 0.26104876 -1.26197441 0 -0.21924751 -1.6216766 0
2.09038182 0.13623164 0 0.26231169 -1.26113617 0 0.41259578 -1.88635396 0 2.16896093 -1.20267553 0
2.17065293 -1.20300321 0 2.57017432 -1.05160055 0 2.92438594 -0.25362421 0 2.1552337 -0.89268947 0
-1.73187285 -0.80854501 0 -2.49739397 -1.4519557 0 -1.85398329 -2.21747687 0 -1.05407532 -2.56715758 0
-1.05213963 -2.56640035 0 -0.25270633 -2.91716482 0 -0.89507894 -2.15077236 0 -1.20588912 -2.16586534 0
0.44951291 -2.0842056 0 -0.89393487 -2.14892707 0 -0.25185627 -2.91556588 0 0.59663793 -2.71017434 0
0.59853149 -2.70931488 0 1.44872441 -2.51107236 0 0.81312128 -1.73905655 0 0.41292362 -1.88866247 0
2.57000574 -1.05318403 0 0.81363304 -1.73684252 0 1.4595651 -2.50023585 0 2.22295931 -1.85430298 0