===== GLOBAL FACES (LEFT-HAND RULE ORIENTED) =====
0: 0, 1, 2
1: 2, 3, 4
2: 5, 0, 4
3: 6, 3, 2
4: 2, 1, 6
5: 5, 4, 7
6: 7, 4, 3
7: 8, 0, 2
8: 2, 4, 8
9: 8, 4, 0
10: 1, 0, 9
11: 9, 0, 5
12: 1, 9, 6
13: 6, 9, 3
14: 7, 9, 5
15: 3, 9, 7
16: 10, 11, 12
17: 10, 12, 13
18: 14, 11, 10
19: 14, 15, 11
20: 10, 13, 14
21: 14, 13, 15
22: 16, 12, 11
23: 16, 13, 12
24: 15, 13, 16
25: 11, 15, 16
26: 17, 18, 19
27: 20, 18, 17
28: 21, 20, 22
29: 20, 17, 22
30: 22, 17, 19
31: 23, 22, 19
32: 24, 22, 23
33: 25, 18, 26
34: 27, 20, 21
35: 27, 18, 20
36: 21, 26, 27
37: 27, 26, 18
38: 28, 23, 25
39: 25, 26, 28
40: 28, 26, 24
41: 24, 23, 28
42: 23, 18, 25
43: 19, 18, 23
44: 26, 22, 24
45: 21, 22, 26
46: 29, 30, 31
47: 31, 30, 32
48: 32, 29, 33
49: 34, 29, 31
50: 33, 29, 34
51: 35, 32, 33
52: 35, 34, 31
53: 33, 34, 35
54: 30, 29, 36
55: 29, 32, 36
56: 31, 32, 37
57: 37, 35, 31
58: 32, 35, 37
59: 38, 32, 30
60: 30, 36, 38
61: 38, 36, 32
62: 39, 40, 41
63: 41, 42, 39
64: 39, 42, 40
65: 43, 42, 41
66: 41, 44, 43
67: 43, 44, 42
68: 45, 44, 46
69: 47, 48, 46
70: 47, 44, 41
71: 46, 44, 47
72: 41, 40, 49
73: 40, 48, 49
74: 49, 47, 41
75: 48, 47, 49
76: 42, 44, 50
77: 44, 45, 50
78: 46, 48, 50
79: 50, 45, 46
80: 51, 48, 40
81: 51, 50, 48
82: 40, 42, 51
83: 42, 50, 51
84: 52, 53, 54
85: 55, 53, 56
86: 56, 53, 57
87: 54, 53, 58
88: 58, 53, 55
89: 55, 56, 59
90: 59, 56, 57
91: 57, 53, 60
92: 53, 52, 60
93: 60, 59, 57
94: 52, 59, 60
95: 61, 52, 54
96: 54, 58, 61
97: 62, 58, 55
98: 55, 59, 62
99: 58, 62, 63
100: 52, 61, 63
101: 63, 61, 58
102: 64, 59, 52
103: 64, 62, 59
104: 52, 63, 64
105: 64, 63, 62
106: 65, 66, 67
107: 68, 67, 66
108: 69, 66, 65
109: 69, 68, 66
110: 67, 68, 69
111: 65, 67, 69
112: 70, 71, 72
113: 71, 70, 73
114: 74, 75, 73
115: 73, 75, 71
116: 76, 75, 74
117: 77, 75, 76
118: 72, 77, 78
119: 78, 70, 72
120: 71, 75, 79
121: 79, 75, 77
122: 72, 71, 79
123: 79, 77, 72
124: 74, 73, 80
125: 80, 73, 70
126: 80, 76, 74
127: 70, 76, 80
128: 81, 78, 77
129: 70, 78, 81
130: 77, 76, 81
131: 81, 76, 70
132: 82, 83, 84
133: 85, 84, 86
134: 82, 84, 85
135: 86, 83, 87
136: 87, 83, 82
137: 88, 83, 86
138: 86, 84, 88
139: 88, 84, 83
140: 82, 85, 89
141: 89, 87, 82
142: 89, 85, 86
143: 86, 87, 89
144: 90, 91, 92
145: 93, 94, 95
146: 92, 91, 95
147: 95, 94, 92
148: 95, 91, 93
149: 93, 91, 90
150: 93, 92, 94
151: 90, 92, 93
152: 96, 97, 98
153: 99, 97, 96
154: 100, 99, 101
155: 102, 103, 104
156: 102, 99, 105
157: 97, 99, 102
158: 106, 103, 107
159: 107, 108, 106
160: 104, 103, 109
161: 103, 106, 109
162: 100, 110, 111
163: 111, 99, 100
164: 105, 99, 111
165: 111, 110, 107
166: 107, 105, 111
167: 112, 101, 96
168: 96, 98, 112
169: 112, 98, 113
170: 114, 99, 96
171: 96, 101, 114
172: 114, 101, 99
173: 115, 102, 105
174: 103, 102, 115
175: 115, 105, 107
176: 107, 103, 115
177: 113, 98, 116
178: 101, 112, 117
179: 113, 108, 117
180: 117, 112, 113
181: 118, 109, 106
182: 118, 116, 109
183: 118, 106, 108
184: 118, 108, 113
185: 113, 116, 118
186: 119, 116, 98
187: 119, 98, 97
188: 119, 102, 104
189: 97, 102, 119
190: 108, 110, 100
191: 107, 110, 108
192: 117, 108, 100
193: 100, 101, 117
194: 109, 116, 119
195: 104, 109, 119
196: 120, 121, 122
197: 123, 124, 121
198: 123, 120, 125
199: 121, 120, 123
200: 126, 127, 125
201: 122, 127, 126
202: 122, 121, 128
203: 128, 127, 122
204: 125, 127, 129
205: 129, 123, 125
206: 126, 120, 122
207: 125, 120, 126
208: 124, 127, 128
209: 121, 124, 128
210: 129, 127, 124
211: 124, 123, 129
212: 130, 131, 132
213: 133, 134, 135
214: 130, 132, 133
215: 133, 132, 134
216: 133, 136, 130
217: 137, 136, 133
218: 138, 132, 131
219: 134, 132, 138
220: 131, 139, 138
221: 140, 133, 135
222: 137, 133, 140
223: 135, 141, 140
224: 140, 141, 137
225: 142, 139, 131
226: 136, 141, 142
227: 135, 139, 142
228: 142, 141, 135
229: 142, 131, 130
230: 130, 136, 142
231: 143, 136, 137
232: 137, 141, 143
233: 143, 141, 136
234: 138, 139, 135
235: 135, 134, 138
236: 144, 145, 146
237: 147, 144, 148
238: 145, 144, 147
239: 146, 145, 149
240: 149, 144, 146
241: 148, 144, 149
242: 145, 147, 149
243: 149, 147, 148
244: 150, 151, 152
245: 152, 151, 153
246: 154, 155, 153
247: 153, 155, 152
248: 156, 155, 154
249: 154, 153, 156
250: 157, 150, 152
251: 152, 155, 157
252: 155, 156, 158
253: 158, 157, 155
254: 156, 153, 151
255: 151, 150, 156
256: 158, 156, 150
257: 150, 157, 158
258: 159, 160, 161
259: 160, 162, 163
260: 164, 160, 165
261: 164, 162, 160
262: 165, 166, 164
263: 167, 166, 159
264: 168, 166, 165
265: 165, 160, 168
266: 168, 160, 159
267: 162, 164, 169
268: 169, 164, 166
269: 170, 163, 169
270: 169, 163, 162
271: 169, 167, 170
272: 166, 167, 169
273: 159, 166, 171
274: 171, 168, 159
275: 166, 168, 171
276: 163, 161, 160
277: 170, 161, 163
278: 167, 161, 170
279: 159, 161, 167
280: 172, 173, 174
281: 174, 175, 176
282: 176, 172, 174
283: 175, 177, 176
284: 176, 177, 172
285: 173, 177, 178
286: 178, 177, 175
287: 178, 179, 173
288: 175, 179, 178
289: 173, 172, 180
290: 180, 177, 173
291: 172, 177, 180
292: 174, 173, 181
293: 173, 179, 181
294: 182, 175, 174
295: 182, 179, 175
296: 174, 181, 182
297: 182, 181, 179
298: 183, 184, 185
299: 186, 184, 183
300: 183, 187, 186
301: 188, 189, 190
302: 191, 189, 185
303: 191, 185, 184
304: 190, 189, 191
305: 184, 192, 191
306: 191, 192, 190
307: 189, 188, 193
308: 193, 188, 187
309: 193, 187, 183
310: 184, 186, 192
311: 192, 186, 187
312: 190, 192, 188
313: 188, 192, 187
314: 185, 189, 193
315: 183, 185, 193
316: 194, 195, 196
317: 197, 198, 194
318: 199, 198, 197
319: 194, 198, 200
320: 200, 195, 194
321: 198, 195, 200
322: 201, 196, 195
323: 199, 197, 202
324: 196, 201, 202
325: 203, 201, 195
326: 203, 198, 199
327: 203, 195, 198
328: 199, 202, 203
329: 203, 202, 201
330: 196, 202, 204
331: 204, 202, 197
332: 194, 196, 204
333: 204, 197, 194
334: 205, 206, 207
335: 208, 205, 209
336: 207, 206, 210
337: 210, 211, 207
338: 212, 211, 213
339: 213, 210, 206
340: 211, 210, 213
341: 214, 211, 212
342: 207, 211, 214
343: 214, 215, 207
344: 216, 205, 207
345: 207, 215, 216
346: 216, 215, 209
347: 209, 205, 216
348: 213, 208, 209
349: 213, 209, 212
350: 206, 205, 213
351: 205, 208, 213
352: 212, 209, 214
353: 209, 215, 214
354: 148, 172, 20
355: 160, 172, 148
356: 148, 20, 160
357: 160, 20, 172
358: 57, 217, 99
359: 218, 217, 57
360: 57, 99, 218
361: 218, 99, 217
362: 120, 174, 147
363: 147, 174, 161
364: 161, 120, 147
365: 174, 120, 161
366: 102, 176, 122
367: 122, 176, 159
368: 159, 102, 122
369: 176, 102, 159
370: 72, 35, 83
371: 197, 35, 72
372: 72, 83, 197
373: 197, 83, 35
374: 219, 194, 88
375: 113, 194, 219
376: 219, 88, 113
377: 113, 88, 194
378: 97, 195, 220
379: 171, 195, 97
380: 97, 220, 171
381: 171, 220, 195
382: 181, 200, 98
383: 98, 200, 84
384: 84, 181, 98
385: 200, 181, 84
386: 221, 86, 8
387: 118, 86, 221
388: 221, 8, 118
389: 118, 8, 86
390: 152, 198, 178
391: 82, 198, 152
392: 152, 178, 82
393: 82, 178, 198
394: 121, 175, 151
395: 66, 175, 121
396: 121, 151, 66
397: 66, 151, 175
398: 71, 154, 67
399: 7, 154, 71
400: 71, 67, 7
401: 7, 67, 154
402: 4, 87, 79
403: 79, 87, 155
404: 155, 4, 79
405: 87, 4, 155
406: 124, 153, 3
407: 68, 153, 124
408: 124, 3, 68
409: 68, 3, 153
410: 128, 182, 104
411: 150, 182, 128
412: 128, 104, 150
413: 150, 104, 182
414: 127, 156, 109
415: 6, 156, 127
416: 127, 109, 6
417: 6, 109, 156
418: 119, 179, 85
419: 157, 179, 119
420: 119, 85, 157
421: 157, 85, 179
422: 116, 89, 2
423: 2, 89, 158
424: 158, 116, 2
425: 89, 116, 158
426: 222, 108, 192
427: 192, 108, 213
428: 213, 222, 192
429: 108, 222, 213
430: 190, 100, 63
431: 208, 100, 190
432: 190, 63, 208
433: 208, 63, 100
434: 78, 37, 204
435: 211, 37, 78
436: 78, 204, 211
437: 211, 204, 37
438: 15, 31, 77
439: 214, 31, 15
440: 15, 77, 214
441: 214, 77, 31
442: 13, 212, 75
443: 187, 212, 13
444: 13, 75, 187
445: 187, 75, 212
446: 11, 30, 215
447: 58, 30, 11
448: 11, 215, 58
449: 58, 215, 30
450: 16, 61, 209
451: 188, 61, 16
452: 16, 209, 188
453: 188, 209, 61
454: 144, 18, 53
455: 92, 18, 144
456: 144, 53, 92
457: 92, 53, 18
458: 90, 25, 223
459: 189, 25, 90
460: 90, 223, 189
461: 189, 223, 25
462: 91, 54, 12
463: 193, 54, 91
464: 91, 12, 193
465: 193, 12, 54
466: 140, 24, 60
467: 111, 24, 140
468: 140, 60, 111
469: 111, 60, 24
470: 224, 28, 133
471: 133, 28, 191
472: 191, 224, 133
473: 28, 224, 191
474: 137, 110, 52
475: 225, 110, 137
476: 137, 52, 225
477: 225, 52, 110
478: 226, 23, 93
479: 93, 23, 185
480: 185, 226, 93
481: 23, 226, 185
482: 132, 19, 146
483: 146, 19, 94
484: 94, 132, 146
485: 19, 132, 94
486: 143, 107, 184
487: 80, 107, 143
488: 143, 184, 80
489: 80, 184, 107
490: 134, 163, 149
491: 149, 163, 17
492: 17, 134, 149
493: 163, 134, 17
494: 135, 227, 22
495: 105, 227, 135
496: 135, 22, 105
497: 105, 22, 227
498: 141, 106, 228
499: 0, 106, 141
500: 141, 228, 0
501: 0, 228, 106
502: 14, 74, 136
503: 186, 74, 14
504: 14, 136, 186
505: 186, 136, 74
506: 130, 183, 95
507: 95, 183, 10
508: 10, 130, 95
509: 183, 130, 10
510: 125, 170, 145
511: 145, 170, 138
512: 138, 125, 145
513: 170, 125, 138
514: 126, 167, 139
515: 139, 167, 115
516: 115, 126, 139
517: 167, 126, 115
518: 129, 103, 229
519: 229, 103, 1
520: 1, 129, 229
521: 103, 129, 1
522: 73, 65, 142
523: 142, 65, 5
524: 5, 73, 142
525: 65, 73, 5
526: 9, 69, 131
527: 131, 69, 123
528: 123, 9, 131
529: 69, 9, 123
530: 205, 39, 101
531: 64, 39, 205
532: 205, 101, 64
533: 64, 101, 39
534: 169, 43, 59
535: 59, 43, 114
536: 114, 169, 59
537: 43, 169, 114
538: 230, 201, 96
539: 96, 201, 166
540: 166, 230, 96
541: 201, 230, 166
542: 47, 231, 70
543: 70, 231, 112
544: 112, 47, 70
545: 231, 47, 112
546: 206, 41, 76
547: 76, 41, 117
548: 117, 206, 76
549: 41, 206, 117
550: 210, 196, 81
551: 81, 196, 49
552: 49, 210, 81
553: 196, 210, 49
554: 216, 38, 40
555: 62, 38, 216
556: 216, 40, 62
557: 62, 40, 38
558: 207, 32, 202
559: 48, 32, 207
560: 207, 202, 48
561: 48, 202, 32
562: 164, 29, 21
563: 21, 29, 50
564: 50, 164, 21
565: 29, 164, 50
566: 26, 36, 55
567: 55, 36, 51
568: 51, 26, 55
569: 36, 26, 51
570: 56, 42, 162
571: 27, 42, 56
572: 56, 162, 27
573: 27, 162, 42
574: 180, 34, 165
575: 165, 34, 45
576: 45, 180, 165
577: 34, 180, 45
578: 173, 33, 46
579: 199, 33, 173
580: 173, 46, 199
581: 199, 46, 33
582: 168, 203, 177
583: 44, 203, 168
584: 168, 177, 44
585: 44, 177, 203
