===== GLOBAL VERTICES =====
0: (48.691640, 45.101906, 22.532284)
1: (49.963649, 34.555866, 26.954572)
2: (64.757428, 36.368018, 12.944659)
3: (59.009929, 21.663481, 17.372275)
4: (62.407596, 38.741303, 9.444120)
5: (48.682188, 35.969903, 20.456383)
6: (59.019381, 30.795485, 19.448176)
7: (57.737920, 32.209522, 12.949987)
8: (58.327002, 43.281011, 14.647012)
9: (49.954197, 25.423862, 24.878671)
10: (30.995535, 81.513313, 38.780517)
11: (52.760808, 90.160912, 25.503780)
12: (35.326474, 90.698913, 37.746850)
13: (39.790242, 83.334751, 26.046126)
14: (35.841682, 76.018199, 29.967410)
15: (51.055174, 84.127925, 20.733404)
16: (41.495876, 89.367738, 30.816502)
17: (53.371489, 56.035851, 77.414463)
18: (46.306862, 74.477642, 72.472767)
19: (41.975922, 65.292042, 73.506433)
20: (64.048433, 48.933514, 79.923547)
21: (81.660215, 64.907605, 54.954942)
22: (61.924665, 51.327871, 64.854393)
23: (47.418191, 67.285176, 61.218754)
24: (57.080878, 61.121936, 56.903633)
25: (51.749131, 76.470775, 60.185088)
26: (76.816429, 74.701670, 47.004181)
27: (72.861992, 65.819591, 61.265111)
28: (53.969971, 67.823049, 57.176023)
29: (87.482397, 70.027339, 38.105201)
30: (66.794318, 88.166577, 19.873158)
31: (65.088685, 82.133590, 15.102782)
32: (86.909559, 77.696697, 10.685818)
33: (93.637942, 63.277809, 17.116186)
34: (90.852360, 59.771123, 31.108380)
35: (83.640141, 65.626414, 5.776907)
36: (82.638611, 79.821404, 30.154441)
37: (77.953339, 74.763861, 9.740895)
38: (79.280191, 83.984076, 16.727252)
39: (69.578528, 74.301623, 24.252299)
40: (77.732553, 81.795910, 19.211967)
41: (67.872895, 68.268636, 19.481923)
42: (77.136536, 68.751159, 46.900086)
43: (74.804693, 66.376606, 35.090677)
44: (88.135867, 52.207564, 33.861831)
45: (89.304722, 57.582957, 33.593096)
46: (92.090304, 61.089643, 19.600902)
47: (75.884642, 63.850305, 16.328106)
48: (85.361921, 75.508531, 13.170534)
49: (74.858064, 70.387530, 14.710326)
50: (85.934759, 67.839173, 40.589917)
51: (81.090973, 77.633238, 32.639156)
52: (48.662087, 71.480215, 34.827043)
53: (43.330821, 80.509361, 61.933195)
54: (40.561761, 89.616563, 38.426397)
55: (73.840387, 80.733390, 36.464609)
56: (69.885950, 71.851311, 50.725539)
57: (63.279563, 66.545190, 53.281155)
58: (57.996095, 89.078563, 26.183327)
59: (67.554107, 69.476758, 38.916130)
60: (54.104837, 67.153656, 46.364061)
61: (46.731162, 88.285389, 31.496049)
62: (70.481967, 84.896062, 23.037420)
63: (52.610648, 78.796767, 30.905759)
64: (62.327942, 77.401775, 28.077752)
65: (49.682695, 29.456868, 21.371559)
66: (66.722201, 9.887752, 26.091117)
67: (58.738427, 25.696487, 13.865163)
68: (60.010436, 15.150447, 18.287451)
69: (50.954704, 18.910827, 25.793847)
70: (66.928422, 60.917469, 15.383183)
71: (56.398048, 37.201775, 12.440525)
72: (73.136284, 60.505413, 7.316699)
73: (47.342315, 40.962156, 19.946921)
74: (39.371335, 68.902862, 25.876581)
75: (43.319896, 76.219414, 21.955297)
76: (58.916675, 65.335801, 18.537000)
77: (54.584828, 77.012588, 16.642575)
78: (67.449482, 69.642860, 11.280688)
79: (61.067724, 43.733557, 8.934658)
80: (45.250820, 59.414241, 25.286290)
81: (65.901845, 67.454694, 13.765403)
82: (84.124546, 33.242963, 13.386037)
83: (80.146339, 55.531905, 5.235470)
84: (80.043952, 37.782671, 18.588929)
85: (77.139377, 31.124069, 18.157634)
86: (63.997185, 43.299757, 12.056321)
87: (68.077779, 38.760049, 6.853429)
88: (71.992314, 48.037619, 10.275802)
89: (70.427611, 36.386764, 10.353969)
90: (42.221309, 81.964621, 53.688247)
91: (34.009980, 89.078690, 42.469128)
92: (36.779040, 79.971488, 65.975926)
93: (37.890369, 72.779022, 54.721913)
94: (32.448101, 70.785889, 67.009592)
95: (29.679041, 79.893091, 43.502795)
96: (75.827674, 54.783106, 31.604859)
97: (74.923092, 41.595323, 38.973063)
98: (75.383728, 40.382893, 24.170697)
99: (63.923761, 58.138918, 52.011318)
100: (53.254846, 70.390495, 29.635922)
101: (62.972141, 68.995503, 26.807915)
102: (66.860099, 31.303674, 44.666409)
103: (50.973608, 37.174834, 29.945649)
104: (66.741106, 28.151758, 30.242919)
105: (59.592821, 48.953318, 53.044984)
106: (49.701600, 47.720874, 25.523361)
107: (47.600652, 57.040955, 28.786830)
108: (51.549213, 64.357507, 24.865546)
109: (60.029341, 33.414453, 22.439254)
110: (49.306285, 63.073943, 33.557206)
111: (54.749035, 58.747383, 45.094224)
112: (69.278254, 58.544184, 18.883722)
113: (67.332091, 50.637841, 15.857570)
114: (68.198306, 61.070485, 37.646293)
115: (56.183155, 38.406010, 42.157324)
116: (65.767388, 38.986986, 15.935737)
117: (61.266507, 62.962515, 22.037539)
118: (59.336961, 45.899979, 17.638090)
119: (72.479153, 33.724291, 23.739402)
120: (57.229100, 27.838898, 58.148227)
121: (65.653830, 10.847000, 29.088767)
122: (65.782276, 23.130919, 45.588158)
123: (49.886333, 19.870076, 28.791497)
124: (58.942065, 16.109695, 21.285101)
125: (46.552156, 34.941234, 55.639143)
126: (55.105332, 30.233255, 43.079073)
127: (58.951517, 25.241698, 23.361003)
128: (65.663283, 19.979003, 31.164668)
129: (49.895785, 29.002079, 30.867398)
130: (31.899882, 71.245365, 40.493730)
131: (45.989018, 27.263504, 30.173251)
132: (34.668941, 62.138163, 64.000528)
133: (46.662990, 64.669169, 47.670118)
134: (46.064508, 52.881971, 67.908558)
135: (54.617683, 48.173992, 55.348488)
136: (36.746029, 65.750251, 31.680623)
137: (44.331147, 62.294616, 35.860709)
138: (42.654841, 42.334663, 57.020897)
139: (51.208017, 37.626683, 44.460828)
140: (49.773897, 57.968056, 47.397727)
141: (44.726461, 46.941548, 27.826865)
142: (44.717009, 37.809544, 25.750963)
143: (42.625514, 56.261629, 31.090333)
144: (35.421843, 76.811068, 73.223428)
145: (39.076804, 47.821969, 67.277464)
146: (31.090904, 67.625469, 74.257094)
147: (49.753748, 40.719632, 69.786548)
148: (53.163414, 51.266940, 80.674208)
149: (42.486470, 58.369277, 78.165124)
150: (70.821700, 23.612051, 25.040027)
151: (70.812248, 14.480048, 22.964126)
152: (83.544917, 31.303477, 13.764913)
153: (64.100482, 19.742742, 15.160461)
154: (62.828474, 30.288783, 10.738173)
155: (67.498150, 36.820564, 7.232306)
156: (64.109935, 28.874746, 17.236362)
157: (76.559747, 29.184584, 18.536510)
158: (69.847982, 34.447279, 10.732845)
159: (71.059687, 29.915882, 53.887006)
160: (65.916177, 45.171169, 77.334736)
161: (62.506511, 34.623861, 66.447076)
162: (74.729736, 62.057246, 58.676299)
163: (55.239233, 52.273505, 74.825652)
164: (83.527960, 61.145260, 52.366131)
165: (86.897922, 50.889044, 45.369310)
166: (80.027261, 53.395314, 40.825457)
167: (60.382743, 37.018218, 51.377922)
168: (85.729067, 45.513651, 45.638044)
169: (72.397893, 59.682693, 46.866890)
170: (51.829567, 41.726197, 63.937992)
171: (79.122680, 40.207530, 48.193661)
172: (67.418396, 38.677298, 72.926726)
173: (91.185723, 47.901859, 26.969106)
174: (64.008729, 28.129990, 62.039066)
175: (72.433459, 11.138092, 32.979606)
176: (72.561905, 23.422011, 49.478997)
177: (87.231285, 39.019780, 41.230035)
178: (85.166128, 27.961522, 23.780393)
179: (78.180959, 25.842628, 28.551990)
180: (88.400141, 44.395173, 40.961300)
181: (81.085534, 32.501230, 28.983285)
182: (72.442912, 20.270095, 35.055507)
183: (33.764113, 78.725804, 38.462618)
184: (44.489745, 63.742068, 29.059220)
185: (41.975441, 71.611735, 49.681736)
186: (38.610260, 73.230690, 29.649510)
187: (42.558820, 80.547242, 25.728227)
188: (44.264454, 86.580229, 30.498603)
189: (46.306380, 80.797334, 48.648070)
190: (50.143939, 77.091607, 29.908313)
191: (48.527221, 72.149608, 45.639005)
192: (48.438306, 71.058620, 25.137937)
193: (38.095052, 87.911403, 37.428951)
194: (74.317260, 52.756735, 11.085973)
195: (81.908262, 43.714216, 34.201466)
196: (75.236846, 67.200303, 12.494345)
197: (82.471285, 60.251021, 6.045642)
198: (86.449492, 37.962079, 14.196208)
199: (92.469087, 57.902416, 17.384921)
200: (82.368898, 42.501786, 19.399101)
201: (82.812843, 56.902000, 26.833262)
202: (85.740703, 72.321304, 10.954553)
203: (88.514649, 49.020337, 31.645850)
204: (76.784484, 69.388469, 10.009630)
205: (61.945563, 75.532728, 25.190135)
206: (60.239930, 69.499741, 20.419759)
207: (77.728956, 76.739636, 14.108370)
208: (52.228269, 76.927720, 28.018142)
209: (46.348784, 86.416342, 28.608432)
210: (67.225099, 71.618634, 15.648162)
211: (68.772737, 73.806800, 13.163447)
212: (44.643150, 80.383354, 23.838056)
213: (50.522635, 70.894732, 23.247766)
214: (55.908082, 81.176528, 18.525334)
215: (57.613716, 87.209516, 23.295710)
216: (70.099588, 83.027014, 20.149803)
217: (68.123349, 56.751125, 61.231915)
218: (66.255604, 60.513471, 63.820727)
219: (64.982259, 53.011126, 12.357031)
220: (80.624898, 33.713659, 43.785651)
221: (56.987130, 48.273264, 14.137551)
222: (49.199381, 66.730792, 21.365007)
223: (48.773089, 82.502494, 49.645516)
224: (50.993930, 73.854768, 46.636451)
225: (46.195378, 69.775055, 33.829596)
226: (40.111210, 64.131296, 51.712849)
227: (63.792409, 47.565526, 62.265582)
228: (47.351768, 50.094160, 22.022822)
229: (45.998470, 36.395507, 32.249153)
230: (82.434061, 60.089227, 29.049243)
231: (76.263424, 60.663078, 14.112125)
